tnum	10	20	30
2	690	580	567	545
4	563	510	490	485
6	508	510	477	498
8	492	479	479	527
10	488	494	477	484
12	493	466	480	484
14	473	498	462	495
16	473	491	476	697
18	843	920	935	965
20	902	907	1075	890
22	887	921	928	934
24	913	896	894	936
26	855	915	956	948
28	923	938	923	915
30	889	955	931	968
32	883	921	924	987
34	878	908	933	1001
36	908	943	916	956
38	851	847	938	939
40	826	870	894	947
42	839	885	893	954
44	844	857	904	963
46	840	886	931	983
48	830	878	938	1008
50	808	851	671	537
52	460	471	509	536
54	458	486	512	550
56	452	477	514	552
58	454	480	516	551
60	456	483	520	567
62	467	487	525	572
64	463	516	527	578
66	457	488	523	596
68	461	506	528	596
70	459	500	542	612
72	460	503	550	626
74	480	509	544	608
76	460	504	547	618
78	458	505	557	637
80	460	520	567	633
82	459	505	564	654
84	474	528	588	665
86	472	533	595	673
88	459	519	579	653
90	458	515	582	676
92	463	523	597	688
94	478	531	600	673
96	489	539	612	720
98	472	490	540	670
100	491	520	610	670
102	421	510	600	700
104	451	520	600	660
106	451	520	610	730
108	471	530	620	700
110	452	520	670	690
112	451	520	630	710
114	461	520	620	700
116	451	530	620	710
118	451	530	630	730
120	441	540	630	730
122	461	560	620	740
124	451	540	620	730
126	451	550	680	750
128	461	540	640	750
130	451	540	640	760
132	461	540	640	710
134	461	600	670	770
136	471	560	640	820
138	471	560	690	780
140	471	550	670	770
142	461	560	620	780
144	461	580	690	790
146	471	560	690	800
148	461	570	690	800
150	461	580	680	810
152	471	550	680	800
154	481	580	710	840
156	481	580	710	870
158	481	620	740	880
160	491	600	730	850
162	481	590	720	880
164	481	590	710	830
166	461	590	700	850
168	471	600	750	860
170	481	600	730	870
172	471	630	750	880
174	481	610	730	880
176	471	600	730	890
178	531	680	810	960
180	531	680	810	997
182	582	689	898	1020
184	527	691	832	967
186	506	646	832	1039
188	522	724	857	1043
190	536	698	850	1052
192	515	674	886	976
194	530	686	859	986
196	508	665	811	981
198	510	705	816	1067
200	560	750	882	1044
202	516	702	854	1316
204	981	1330	1635	1981
206	969	1327	1637	2017
208	993	1286	1640	1978
210	986	1294	1600	1978
212	992	1273	1629	1983
214	1020	1321	1665	1993
216	953	1274	1601	2018
218	1011	1274	1665	2015
220	1004	1323	1644	2022
222	964	1321	1641	1973
224	1024	1344	1777	2192
226	1028	1382	1713	2132
228	1031	1359	1750	2099
230	1037	1378	1787	2173
232	1075	1387	1730	2117
234	1026	1386	1754	2160
236	1034	1104	968	1181
238	535	729	930	1133
240	531	733	920	1133
242	555	736	933	1124
244	544	734	915	1125
246	535	733	923	1129
248	527	715	943	1122
250	551	764	1010	1228
252	568	763	992	1217
254	564	768	989	1216
256	570	777	1012	1261
258	567	765	999	1338
260	1030	1420	1828	2238
262	1024	1427	1821	2258
264	1021	1426	1881	2242
266	1030	1428	1835	2255
268	1045	1412	1868	2263
270	1043	1428	1847	2265
272	1036	1467	1827	2288
274	1030	1425	1840	2246
276	1031	1424	1834	2256
278	1031	1413	1821	2269
280	1104	1417	1821	2234
282	1030	1449	1815	2260
284	1023	1430	1860	2237
286	1072	1495	2019	2456
288	1085	1509	1980	2445
290	1073	1596	1998	2585
292	1076	1514	2043	2518
294	1109	1535	2029	2589
296	1124	1555	2017	2515
298	1110	1554	2033	2558
300	1097	1541	2069	2579
302	1113	1576	2106	2602
304	1110	1574	2039	2555
306	1138	903	1096	1351
308	595	836	1106	1383
310	580	842	1084	1379
312	608	853	1093	1369
314	598	861	1121	1384
316	597	856	1108	1366
318	600	835	1120	2344
320	1100	1577	2064	2560
322	1114	1554	2128	2570
324	1127	1551	2073	2576
326	1162	1588	2063	2555
328	1134	1586	2145	2612
330	1119	1579	2128	2561
332	1096	1571	2085	2631
334	1180	1757	2290	2896
336	1179	1735	2333	3012
338	1247	1823	2430	2935
340	1164	1732	2305	2818
342	1165	1735	2264	2814
344	1172	1760	2266	2805
346	1157	1702	2386	2830
348	1205	1736	2257	2915
350	1188	1714	2294	2935
352	1203	1726	2312	2953
354	1162	1779	2347	2917
356	1183	1758	2400	2897
358	1201	1761	2372	2925
360	1193	1770	2268	2839
362	1198	1764	2312	2891
364	1199	1711	2339	2849
366	1187	1701	2285	2844
368	1158	1679	2284	2839
370	1161	1694	2284	2810
372	1167	1774	2257	2895
374	1152	1700	2265	2860
376	1211	1742	2336	2997
378	1188	1740	2290	2939
380	1156	1720	2305	2913
382	1179	1771	2297	2906
384	1195	1742	1393	1561
386	627	928	1235	1523
388	628	921	1237	1548
390	631	915	1236	1550
392	634	927	1221	1506
394	627	920	1216	1579
396	648	916	1224	1517
398	628	918	1223	1523
400	647	1035	1389	1762
402	658	1029	1387	1784
404	667	1017	1378	1733
406	662	1021	1358	1742
408	645	1006	1371	1732
410	664	1017	1363	1756
412	649	1002	1374	1746
414	656	1061	1357	1728
416	655	1010	1365	1739
418	658	1005	1366	1730
420	652	1025	1380	1777
422	672	1017	1364	1729
424	648	1011	1368	1740
426	664	1037	1390	1755
428	660	1036	1406	1769
430	665	1028	1406	1757
432	665	1039	1398	1729
434	664	1011	1372	1743
436	655	1008	1396	1734
438	662	1010	1365	1747
440	663	1021	1392	1760
442	664	1015	1371	1731
444	655	1037	1376	1751
446	672	1017	1376	1750
448	673	1019	1368	1738
450	647	1021	1364	1756
452	661	1008	1384	1736
454	657	1027	1378	1740
456	670	1047	1393	1751
458	673	1033	1401	1764
460	656	1023	1360	1786
462	700	1077	1451	1756
464	663	1038	1367	1739
466	659	1013	1365	1729
468	656	1017	1376	1760
470	670	1029	1406	1775
472	671	1019	1375	1738
474	657	1022	1366	1761
476	655	1032	1361	1745
478	661	1020	1367	1741
480	654	1022	1389	1744
482	664	1013	1366	1737
484	653	1009	1375	1737
486	654	1017	1394	1728
488	656	1009	1363	1725
490	656	1021	1379	1739
492	652	1007	1391	1728
494	659	1012	1365	1742
496	655	1011	1373	1737
498	659	1005	1375	1757
500	733	1179	1625	2063
502	730	1170	1655	2142
504	746	1215	1679	2158
506	740	1173	1668	2158
508	739	1179	1664	2125
510	739	1260	1766	2179
512	733	1184	1645	2127
514	741	1200	1655	2112
516	738	1218	1628	2092
518	744	1205	1658	2101
520	754	1185	1691	2163
522	729	1186	1677	2122
524	749	1207	1648	2133
526	743	1193	1658	2081
528	732	1179	1655	2125
530	735	1183	1639	2115
532	739	1190	1639	2110
534	759	1178	1664	2140
536	744	1203	1649	2110
538	738	1176	1636	2112
540	733	1198	1649	2110
542	740	1188	1647	2096
544	747	1175	1637	2119
546	745	1181	1654	2144
548	748	1194	1661	3129
550	1397	2245	3063	4025
552	1372	2273	3049	3942
554	1398	2240	3145	4081
556	1427	2247	3274	4105
558	1426	2242	3133	4001
560	1396	2250	3180	4030
562	1403	2214	3065	3917
564	1366	2301	3065	3915
566	1402	2237	3125	3941
568	1393	2247	3043	3978
570	1389	2236	3120	4003
572	1401	2214	3080	4025
574	1403	2229	3131	3951
576	1382	2231	3090	3981
578	1389	2278	3136	3961
580	1398	2237	3147	4013
582	1398	2257	3158	4007
584	1375	2253	3107	3954
586	1400	1721	1662	3447
588	1359	2224	3042	4011
590	1378	2222	3156	3952
592	1369	2303	3062	3945
594	1382	2241	3069	4007
596	1378	2218	3135	3926
598	1378	2278	3056	3939
600	1381	2229	3080	4005
602	1403	2224	3117	4008
604	1406	2305	3142	4035
606	1384	2306	3082	3897
608	1418	2215	3080	3912
610	1400	2191	3070	3994
612	1429	2234	3126	4055
614	1422	2280	3098	4040
616	1382	2233	3065	4003
618	1398	2266	3053	3932
620	1360	2215	3034	3939
622	1380	2195	3032	3928
624	1402	2235	3082	3945
626	1490	2242	3090	3699
628	735	1184	1661	2133
630	732	1173	1641	2133
632	742	1188	1635	2121
634	748	1243	1654	2090
636	734	1183	1650	2104
638	731	1180	1633	2111
640	734	1176	2682	3891
642	1409	2202	3042	3917
644	1372	2225	3020	3930
646	1362	2259	3253	3934
648	1447	2229	3117	4031
650	1373	2214	3084	3949
652	1374	2247	3093	3916
654	1396	2172	3082	3909
656	1373	2215	3054	3457
658	754	1208	1659	2125
660	755	1200	1675	2141
662	750	1192	1661	2115
664	748	1174	1639	2125
666	733	1190	1647	2139
668	887	1491	2108	2729
670	884	1491	2115	2734
672	878	1497	2111	2735
674	874	1491	2116	2806
676	903	1507	2123	2735
678	891	1505	2140	3091
680	1731	2783	3994	5111
682	1655	2755	3911	5160
684	1698	2800	4018	5208
686	1693	2792	4008	5138
688	1675	2841	3945	5061
690	1651	2788	3934	5160
692	1652	2777	3966	5104
694	1606	1514	2102	2757
696	866	1508	2125	2737
698	890	1483	2098	2741
700	889	1502	2110	2733
702	889	1508	2121	2753
704	894	1517	2137	2765
706	884	1492	2092	2724
708	884	1489	2110	2753
710	883	1506	2125	2721
712	887	1496	2109	2816
714	1703	2785	4006	5191
716	1732	2782	4029	5187
718	1661	2814	3960	5101
720	1658	2786	4015	5192
722	1659	2763	3914	5109
724	1639	2811	3956	5124
726	1655	2787	3942	5141
728	1638	2786	3973	5132
730	1659	2801	3963	5125
732	1663	2793	3979	5157
734	1682	2789	4064	5151
736	1656	2794	3951	5077
738	1663	2792	3959	5132
740	1663	2768	3936	5058
742	1626	2807	3975	5204
744	1627	2795	3915	5146
746	1661	2778	3921	5088
748	1669	2740	3940	5136
750	1630	2792	3979	5172
752	1686	2847	3921	5107
754	1649	2795	3951	5117
756	1642	2815	3989	4422
758	892	1533	2150	2751
760	883	1530	2148	2721
762	901	1532	2128	2756
764	893	1502	2137	2761
766	891	1532	2154	2782
768	899	1562	3710	5151
770	1682	2846	4124	5245
772	1697	2851	4125	5342
774	1715	2908	4139	5347
776	1728	2871	4070	5254
778	1734	2870	4124	5334
780	1694	2888	4066	5277
782	1680	2914	4147	5365
784	1720	2920	4034	2828
786	903	1554	2125	2791
788	899	1500	2117	2776
790	893	1501	2119	2755
792	894	1517	2130	2734
794	865	1515	2135	2763
796	892	1485	2125	2788
798	893	1535	2140	2772
800	894	1534	2137	2740
802	888	1520	2120	2779
804	876	1507	2127	4326
806	1673	2847	4005	5191
808	1654	2840	4051	5160
810	1640	2817	4002	5134
812	1642	2817	3970	5159
814	1657	2797	4064	5166
816	1698	2792	3999	5207
818	1713	2838	4013	5162
820	1703	2814	4041	5181
822	1680	2866	2712	2750
824	892	1492	2132	2749
826	888	1513	2115	2781
828	884	1468	2121	2771
830	878	1486	2134	2743
832	885	1504	2127	2769
834	892	1504	3314	5202
836	1683	2823	3957	5063
838	1688	2817	3999	5198
840	1677	2843	4045	5192
842	1723	2789	4032	5125
844	1634	2780	3951	5131
846	1677	2806	3923	5098
848	1633	2810	3956	5169
850	1674	2868	4022	5230
852	1648	2807	3926	5127
854	1641	2792	3934	5155
856	1692	2803	3976	5130
858	1660	2841	3958	5154
860	1646	2783	4012	5130
862	1657	2779	3981	5174
864	1658	2808	4014	5179
866	1665	2832	3117	2746
868	906	1479	2128	2804
870	892	1532	2144	2835
872	910	1531	2135	2763
874	890	1507	2120	2782
876	885	1510	2125	2766
878	894	1515	2169	2772
880	889	1517	2142	2758
882	896	1550	2150	2785
884	879	1513	3091	5212
886	1657	2840	4032	5232
888	1688	2843	4030	5418
890	1693	2812	4026	5057
892	1662	2816	4070	5162
894	1656	2788	3941	5166
896	1661	2830	4019	4185
898	901	1508	2115	2745
900	901	1485	2128	2763
902	887	1502	2159	2774
904	897	1500	2159	2779
906	898	1485	2141	2752
908	892	1497	2168	2791
910	890	1504	2159	2739
912	896	1521	2149	2807
914	891	1525	2139	2818
916	888	1483	2200	2779
918	887	1506	2146	2761
920	914	1513	2146	2969
922	1676	2779	4017	5209
924	1692	2806	4026	5274
926	1760	2944	3994	5106
928	1713	2804	4077	5318
930	1702	2866	4074	5246
932	1702	2872	4094	5205
934	1681	2827	4020	2894
936	916	1555	2150	2781
938	875	1509	2173	2793
940	894	1534	3855	5240
942	1670	2850	4022	5181
944	1693	2841	4098	5214
946	1742	2845	4125	5259
948	1719	2873	4141	5258
950	1670	2785	2133	2772
952	872	1488	3764	5218
954	1659	2875	4026	5321
956	1694	2852	4107	5190
958	1654	2803	3988	5195
960	1671	2790	3938	5141
962	1657	2822	4058	5188
964	1650	2804	4027	5130
966	1683	2826	3576	2779
968	894	1501	2107	2763
970	896	1492	2117	2770
972	891	1498	2148	2754
974	886	1509	2121	3222
976	1644	2826	3972	5140
978	1705	2834	4087	5266
980	1687	2845	4067	5246
982	1691	2835	3975	5168
984	1687	2929	3951	5243
986	1663	2757	3964	5253
988	1701	2896	3533	2811
990	880	1529	2128	2828
992	898	1546	2137	2777
994	907	1505	2097	2734
996	896	1500	2145	2856
998	1409	2885	4060	5304
